tree
version=v4
num_class=1
num_tree_per_iteration=1
label_index=0
max_feature_idx=5
objective=regression
feature_names=Age LoanPurpose HasMortgage HasDependents DTIRatio*InterestRate LoanAmount/Income
feature_infos=[18:69] -1:0:3:4:2:1 [0:1] [0:1] [-12.691177078434519:1.0999911618150595] [0.017109949790164329:2.1366344319660455]
tree_sizes=5314 5498 5548 5531 5449

Tree=0
num_leaves=64
num_cat=0
split_feature=5 4 5 4 3 4 0 4 5 4 4 0 4 5 5 0 4 4 5 0 4 0 4 5 0 0 4 3 4 5 0 4 4 0 4 5 0 5 4 4 4 5 4 0 4 4 5 0 0 5 0 5 0 5 0 5 5 5 5 5 2 4 2
split_gain=163785 223848 200393 129495 218001 215134 183231 194546 181084 242160 233730 164093 170375 161429 156136 132497 130493 124049 197882 180731 176101 160190 138533 127653 125533 127713 172632 120894 129218 117039 116573 115194 115454 113753 143243 113088 145624 112917 205317 158635 116522 107548 104939 103335 102596 299501 225197 348765 223039 195162 141902 117730 154427 128752 115758 113815 143054 130194 110790 121245 264092 223793 314376
threshold=0.1878076664505732 -0.78199236499668545 0.44264095713014556 -0.97184517094584189 1.0000000180025095e-35 -0.83675125616206192 62.500000000000007 -0.82317929011704172 0.42440365367314387 -2.1743837778733739 -2.309833624395925 63.500000000000007 -0.459928314038136 0.3695817504025613 0.38199723535266711 50.500000000000007 0.61221502909870729 -1.5574981126943597 0.38199723535266711 26.500000000000004 -1.1634025862892863 40.500000000000007 -1.5158054383432775 0.40383198780074947 41.500000000000007 28.500000000000004 -1.9185383865490191 1.0000000180025095e-35 -1.4747634983480327 0.35617851724120325 38.500000000000007 0.93675127165236938 0.80937620006807098 52.500000000000007 -1.018494826211878 0.32533870413015348 37.500000000000007 0.2324583690308735 0.32117796471773802 0.053671374323045321 -0.43546189990433287 0.35617851724120325 -0.54525005445670238 42.500000000000007 0.6395789487775726 0.57356540541824508 0.64386388134074357 23.500000000000004 68.500000000000014 0.45893723773894307 20.500000000000004 0.6643398961878163 47.500000000000007 0.68741762183365451 18.500000000000004 1.0052160494785343 1.1295892882464786 0.90921126763224303 1.6073860073026094 0.88235855238087224 1.0000000180025095e-35 0.69677717383137272 1.0000000180025095e-35
decision_type=2 2 2 2 2 2 2 2 2 2 2 2 2 2 2 2 2 2 2 2 2 2 2 2 2 2 2 2 2 2 2 2 2 2 2 2 2 2 2 2 2 2 2 2 2 2 2 2 2 2 2 2 2 2 2 2 2 2 2 2 2 2 2
left_child=1 27 3 8 5 14 31 -8 9 10 13 12 29 -2 -5 17 -9 24 21 23 30 22 -19 -20 25 26 -11 -1 -29 -7 -21 32 -6 -17 41 36 -27 38 39 -14 -39 -35 -13 -12 45 -4 47 -47 50 -49 54 52 -52 -53 -48 57 -57 -56 59 60 -46 62 -61
right_child=2 -3 44 4 6 11 7 16 -10 15 43 42 37 -15 -16 33 -18 18 19 20 -22 -23 -24 -25 -26 35 -28 28 -30 -31 -32 -33 -34 34 -36 -37 -38 40 -40 -41 -42 -43 -44 -45 58 46 48 49 -50 -51 51 53 -54 -55 55 56 -58 -59 -60 61 -62 -63 -64
leaf_value=572.7794603674073 573.48392786555678 575.73242564633961 574.12083287302153 571.36980822304429 573.30155922406595 574.30075561674164 570.32874290013103 575.15437999452661 573.22351408943234 571.90894598823661 573.26739225594986 570.76984854301907 572.43876703132094 574.67044573379439 574.25917901985599 577.09686930140526 572.7800360080181 570.39676187238865 572.42322423957637 568.79296837944719 573.9344532199251 575.94292785529865 574.18160988884438 576.84726126821943 573.62613150886057 579.3985717313692 575.42987503046527 576.01228848192522 572.97832430104518 575.83468644843856 572.12280760010015 575.42906870385184 571.59283061326596 574.17594078696504 578.31924492800465 575.36733272497429 574.48559739207496 571.38060794605576 574.8729226937744 567.39102734263372 574.25035646923811 575.54700539732812 573.44902515143292 570.30171454853257 573.46643612707646 579.31002307512574 575.0285120932914 571.18611081129666 578.0534590351001 575.44256660229178 569.73250258353744 576.61170607078441 575.43407014767183 574.46490953796149 571.51944415773892 567.3548281613057 572.47202066202044 576.54697610350559 572.15946945703627 574.30297177299849 574.17131525294872 574.28446389204021 572.76314991668028
leaf_weight=136 742 360 138205 124 2419 232 27 311 493 50 53 42 53 467 75 69 71 26 29 49 62 132 328 37 139 48 114 91 57 268 57 61 103 324 30 131 22 36 60 22 1754 256 278 66 2692 57 46 29 42 362 29 72 20 2234 29 22 36 23 83 684 2624 5185 643
leaf_count=136 742 360 138205 124 2419 232 27 311 493 50 53 42 53 467 75 69 71 26 29 49 62 132 328 37 139 48 114 91 57 268 57 61 103 324 30 131 22 36 60 22 1754 256 278 66 2692 57 46 29 42 362 29 72 20 2234 29 22 36 23 83 684 2624 5185 643
internal_value=574.109 574.905 574.106 573.885 573.74 574.045 573.439 574.423 574.116 574.252 573.734 574.16 574.301 573.942 572.458 574.614 574.713 574.303 573.882 572.688 571.817 574.457 573.903 574.904 574.905 575.391 574.356 573.855 574.844 575.123 570.58 573.284 573.232 575.174 574.956 576.236 577.857 574.087 572.693 570.951 574.192 574.781 573.096 571.621 574.12 574.132 574.626 575.66 574.444 575.126 574.384 574.48 572.058 574.532 572.924 572.044 570.523 573.744 573.979 573.992 573.814 574.136 573.557
internal_weight=163421 644 162777 9660 5936 2944 2992 409 3724 3231 1328 2745 2425 1209 199 1903 382 1224 720 234 168 486 354 66 504 365 164 284 148 500 106 2583 2522 679 610 201 70 1925 135 75 1790 580 320 119 153117 141206 3001 448 2553 391 2511 2355 49 2306 156 110 58 52 11911 11828 5316 6512 1327
internal_count=163421 644 162777 9660 5936 2944 2992 409 3724 3231 1328 2745 2425 1209 199 1903 382 1224 720 234 168 486 354 66 504 365 164 284 148 500 106 2583 2522 679 610 201 70 1925 135 75 1790 580 320 119 153117 141206 3001 448 2553 391 2511 2355 49 2306 156 110 58 52 11911 11828 5316 6512 1327
is_linear=0
shrinkage=1


Tree=1
num_leaves=64
num_cat=5
split_feature=1 5 0 4 5 0 0 4 0 5 4 5 5 4 0 0 3 0 4 0 5 0 5 5 5 4 5 5 4 4 1 5 0 5 4 4 4 5 4 5 1 0 0 0 1 4 5 1 4 5 4 4 4 5 4 4 0 0 0 4 0 4 5
split_gain=236111 187080 157146 162792 138886 191196 132116 129712 183218 151101 130050 124270 123334 135127 221336 120222 114943 376622 204746 133462 149613 130853 169419 139811 128491 148841 116535 111812 110526 110002 109294 108293 161676 120471 179487 150885 155240 117110 128251 343707 245161 149057 178952 164655 137375 137118 136173 124212 235570 143860 185391 160158 112908 124067 124862 112471 185060 163875 129825 130520 106037 105258 264659
threshold=0 0.49409627513330751 59.500000000000007 0.88895611880048786 0.1878076664505732 32.500000000000007 22.500000000000004 0.1280897469788437 51.500000000000007 0.57998494477705831 0.13873184789379109 1.6708109397336663 0.44264095713014556 0.68201519771797814 47.500000000000007 53.500000000000007 1.0000000180025095e-35 57.500000000000007 -5.8823756385417836 56.500000000000007 1.2447661953558742 54.500000000000007 1.506377813777837 0.40383198780074947 0.50692368842624103 -0.33294808224699907 1.2812873075484761 0.2324583690308735 0.18007301794109323 0.54837869801892725 1 0.46672523581130193 37.500000000000007 0.2324583690308735 0.58635422603935639 -2.3817825144251366 -2.1445247111247796 0.40383198780074947 -1.0802455547532233 0.39315924110603312 2 56.500000000000007 40.500000000000007 48.500000000000007 3 0.49997093322889724 0.35617851724120325 4 -1.8682267931147283 0.41454613249700367 -0.75467015856412856 -1.6650311558459785 -0.98763680029205336 0.28848327126043277 0.085789386129429976 0.56112103910822764 64.500000000000014 51.500000000000007 61.500000000000007 0.13873184789379109 58.500000000000007 0.2557416111630072 0.80175162311065706
decision_type=1 2 2 2 2 2 2 2 2 2 2 2 2 2 2 2 2 2 2 2 2 2 2 2 2 2 2 2 2 2 1 2 2 2 2 2 2 2 2 2 1 2 2 2 1 2 2 1 2 2 2 2 2 2 2 2 2 2 2 2 2 2 2
left_child=1 4 7 27 5 6 -1 16 9 12 -10 -11 13 14 29 -12 21 19 -19 -18 -21 -2 23 -23 25 -25 -22 -4 -17 -9 -5 33 -33 34 -6 -35 -37 38 39 40 41 42 -38 -44 45 52 -43 -39 -49 50 -50 -51 -40 54 60 57 -57 -46 -59 -60 -54 -29 -63
right_child=2 -3 3 30 31 -7 -8 8 10 11 15 -13 -14 -15 -16 28 17 18 -20 20 26 22 -24 24 -26 -27 -28 61 -30 -31 -32 32 -34 35 -36 36 37 47 44 -41 -42 46 43 -45 55 -47 -48 48 49 51 -52 -53 53 -55 -56 56 -58 58 59 -61 -62 62 -64
leaf_value=1.2356206508019032 -0.011859176785713504 0.10052261312974038 1.5300333523535712 0.31746300634790642 -1.6384470273673355 1.8112068897482514 -2.8175004843693632 -0.48221543337356787 -3.1165178777812144 -0.17166170198194344 -0.97282190956393488 -2.5297173275401463 0.54802804568021779 -1.1105074040268705 2.4322376483873112 -1.5216132660740687 -0.08949789211124945 -5.7959711210422604 -0.83315425108854191 0.92421594729048118 -4.2568812316630309 -1.0756150655647305 -1.9486359344016759 0.87194826912371293 0.35726710508735549 4.1059608672240175 -0.24123291785679712 0.032583319456856726 -0.22727822300345354 1.1055899041532866 -1.5271816419933797 0.091553085607063323 -1.2082653736015549 0.65254852187769896 2.5912678647295859 -2.0753279901686166 2.4526435610362998 0.65472771763189608 -3.8812597993132361 -3.6360458653368166 -0.3901680794481126 2.3390347373456559 -3.371777748269257 1.6954458647602242 -1.339125643806317 1.1849794321581675 7.2924475413363128 3.9428823973159552 4.1373315865138798 -4.2053214168241935 -0.33068806242059778 -0.52707999134079275 0.22575562879027422 0.0079395739714886015 -4.2222128260251228 -1.6044495464717692 -6.8074658484008186 1.4186947474294611 -2.1357495446537818 1.7768510162632332 -3.8312396108256701 -0.21986299772996062 0.67378016245545025
leaf_weight=35 26144 59313 136 118 234 185 47 519 47 13841 905 56 1415 279 95 176 27554 21 1398 588 23 161 81 137 3149 48 83 14669 2603 138 247 386 629 603 28 107 102 735 23 50 247 41 33 31 462 159 21 32 37 31 62 613 68 533 36 115 20 121 73 30 21 1330 2197
leaf_count=35 26144 59313 136 118 234 185 47 519 47 13841 905 56 1415 279 95 176 27554 21 1398 588 23 161 81 137 3149 48 83 14669 2603 138 247 386 629 603 28 107 102 735 23 50 247 41 33 31 462 159 21 32 37 31 62 613 68 533 36 115 20 121 73 30 21 1330 2197
internal_value=-6.84587e-07 0.0736989 -0.0490044 0.0814116 -0.193568 0.920705 -1.08805 -0.0796973 -0.189575 -0.117399 -0.505719 -0.181182 0.244978 -0.170951 0.177729 -0.472326 -0.042556 -0.112179 -0.907007 -0.0722487 0.612507 0.0269428 0.310616 0.363032 0.432537 1.71284 -1.11579 0.102232 -0.309305 -0.148579 -0.964027 -0.245935 -0.713985 -0.144149 -1.18558 -0.0821942 -0.19871 -0.144325 -0.378238 0.302922 0.718239 1.85448 1.15315 -0.918447 -0.593543 -0.135015 4.02593 0.194305 -0.247628 -0.431953 1.34162 -0.704771 -0.445326 -0.324646 -1.7417 -1.04819 -2.37977 -0.801109 0.308629 -0.995491 -0.734682 0.0915521 0.336797
internal_weight=163421 65263 98158 18697 5950 267 82 79461 20074 16343 3731 13897 2446 1031 752 3684 59387 29667 1419 28248 694 29720 3576 3495 3334 185 106 18332 2779 657 365 5683 1015 4668 262 4406 3803 3696 2186 525 475 228 166 64 1661 840 62 1510 775 743 99 644 681 658 125 821 135 686 224 103 89 18196 3527
internal_count=163421 65263 98158 18697 5950 267 82 79461 20074 16343 3731 13897 2446 1031 752 3684 59387 29667 1419 28248 694 29720 3576 3495 3334 185 106 18332 2779 657 365 5683 1015 4668 262 4406 3803 3696 2186 525 475 228 166 64 1661 840 62 1510 775 743 99 644 681 658 125 821 135 686 224 103 89 18196 3527
cat_boundaries=0 1 2 3 4 5
cat_threshold=18 4 2 16 2
is_linear=0
shrinkage=0.05


Tree=2
num_leaves=64
num_cat=0
split_feature=5 4 5 3 4 0 4 0 0 4 4 3 4 4 4 4 5 4 5 5 2 4 0 0 2 4 5 3 5 4 0 4 4 0 0 0 4 4 0 4 4 4 4 5 0 0 5 5 2 4 2 5 0 5 0 0 3 4 0 3 0 4 5
split_gain=138772 201013 170166 112146 206609 189377 152821 117706 171535 129073 113733 108938 115969 108538 97514.3 92196.1 261866 151197 142118 340867 268264 92968.8 91541.2 147672 136360 180029 150573 103936 91364.8 105391 100597 151048 147529 112473 111481 107705 98748.3 90198.5 160848 160533 95693.1 89943.7 273550 216581 165263 132285 97319.3 109109 237684 203450 283824 196706 162694 141411 139840 136000 102287 100010 96028.9 108177 98407 194873 245181
threshold=0.1878076664505732 -0.78199236499668545 0.44264095713014556 1.0000000180025095e-35 -0.90923769444625357 62.500000000000007 -0.82317929011704172 61.500000000000007 60.500000000000007 -0.80936187251305014 0.61221502909870729 1.0000000180025095e-35 -1.4747634983480327 0.93675127165236938 0.80937620006807098 -3.9615898039337147 0.48107619665753115 -4.5204327911588758 1.3012113229307503 1.4206514687354463 1.0000000180025095e-35 -3.1243610520911429 68.500000000000014 61.500000000000007 1.0000000180025095e-35 -6.2557507548225697 1.0986591117392732 1.0000000180025095e-35 0.28848327126043277 -0.59598934050629426 24.500000000000004 -0.30003723023062007 0.53688205296313796 40.500000000000007 43.500000000000007 37.500000000000007 0.14879765635527106 -0.152456272281671 56.500000000000007 -0.011521373374927859 0.62573158947676799 0.6395789487775726 0.54837869801892725 0.58492460201939267 23.500000000000004 68.500000000000014 1.6073860073026094 0.88235855238087224 1.0000000180025095e-35 0.69677717383137272 1.0000000180025095e-35 0.57012657358014174 62.500000000000007 0.75511096380453113 18.500000000000004 65.500000000000014 1.0000000180025095e-35 0.77571024850288861 65.500000000000014 1.0000000180025095e-35 26.500000000000004 0.82817101281862715 1.2561455514737911
decision_type=2 2 2 2 2 2 2 2 2 2 2 2 2 2 2 2 2 2 2 2 2 2 2 2 2 2 2 2 2 2 2 2 2 2 2 2 2 2 2 2 2 2 2 2 2 2 2 2 2 2 2 2 2 2 2 2 2 2 2 2 2 2 2
left_child=1 11 3 7 -5 13 -7 8 -2 -10 -8 -1 -13 14 28 16 -4 18 22 -20 -21 -17 23 -18 25 -25 -27 -26 30 -30 -6 33 34 -32 -33 -34 -36 -3 39 -39 -41 42 -23 44 -44 -45 47 48 51 50 -49 -43 54 55 -50 -54 -52 -48 59 -51 61 -61 -63
right_child=2 37 15 4 5 6 10 -9 9 -11 -12 12 -14 -15 -16 21 17 -19 19 20 -22 41 -24 24 27 26 -28 -29 29 -31 31 32 35 -35 36 -37 -38 38 -40 40 -42 46 43 45 -46 -47 57 49 52 58 56 -53 53 -55 -56 -57 -58 -59 -60 60 -62 62 -64
leaf_value=-1.283160375734185 0.023734424541298493 2.6428206623151063 2.3941370899844312 0.024656868261642709 0.25081207147565687 -3.8824072937467209 1.002844903493801 -0.60239843123973291 0.04282623227599941 3.8466734743392856 -1.2138026061775651 1.7834247405782884 -1.0907747602713298 1.2807857172664274 -2.3581833504797998 -0.20073061418190355 -0.20548457596242581 0.53597402854130605 1.9051430780816956 0.85193173647167475 -3.0393248029415973 0.0086765790322338009 -1.8935231139052939 3.7405564453080835 -1.1032444246923798 -0.048231579489854841 3.7203717792142195 0.98747646940266431 -1.4518803150754309 -0.46267088434583159 -5.0644833029431764 -1.379260551847461 -0.40534603317062579 -1.9854141413822068 -0.69232504798227712 -4.6804870000430849 2.7536765269119376 -3.5774720425427704 3.2264004382687781 0.15808163902434874 3.1490811195541339 0.26048117281765831 4.1233720221761931 0.26405282846936634 1.1278725509774457 2.5728152346781052 -3.4579389261820959 0.1841115487617736 2.8545368012974075 -0.13933427157932643 -0.58289230098316736 -0.81818185480001504 -1.6803780246396394 -2.2578201642616325 0.15688147218904269 0.8513002731707332 -1.8504893792828498 0.017573450410457523 0.88529580048374612 0.75834684646566153 0.49047539650953831 -2.150854234584572 1.7574941674790505
leaf_weight=136 3935 119 133 1940 76 20 311 767 39 52 71 91 57 61 103 5443 3154 1789 280 99 80 125509 71 69 124 133 33 114 325 1569 48 118 23 78 42 41 41 24 59 124 34 525 53 3711 348 63 44 684 49 2327 290 2167 89 129 2226 131 353 39 429 217 1974 187 51
leaf_count=136 3935 119 133 1940 76 20 311 767 39 52 71 91 57 61 103 5443 3154 1789 280 99 80 125509 71 69 124 133 33 114 325 1569 48 118 23 78 42 41 41 24 59 124 34 525 53 3711 348 63 44 684 49 2327 290 2167 89 129 2226 131 353 39 429 217 1974 187 51
internal_value=-4.32718e-06 0.732461 -0.00290268 -0.206434 -0.375494 -0.640705 0.367166 -0.0347586 0.0733945 2.21834 0.590627 -0.26206 0.676447 -0.801176 -0.85277 0.00993799 0.200752 0.15165 -0.013755 0.81596 -0.887875 0.002049 -0.116761 -0.0819273 0.741821 1.5959 0.702707 -0.101792 -0.786996 -0.632484 -1.41337 -1.73683 -1.05848 -3.16152 -0.39215 -3.14722 1.01112 1.5169 0.960057 0.223968 0.803331 0.00984415 0.0219213 0.420074 1.52473 0.302662 -0.121648 -0.109667 -0.277742 0.0275409 -0.524869 -0.607815 0.0608936 -0.944144 0.21511 -0.173154 -1.27898 -1.82675 0.168928 0.104292 0.337686 -0.325137 -1.31294
internal_weight=163421 644 162777 9660 4867 2927 402 4793 4026 91 382 284 148 2525 2464 153117 6079 5946 4157 459 179 147038 3698 3627 473 235 166 238 2361 1894 467 391 265 126 201 64 83 360 241 182 158 141595 129684 4175 401 3774 11911 11828 5316 6512 1327 2692 2624 349 2275 220 643 83 5185 4756 2429 455 238
internal_count=163421 644 162777 9660 4867 2927 402 4793 4026 91 382 284 148 2525 2464 153117 6079 5946 4157 459 179 147038 3698 3627 473 235 166 238 2361 1894 467 391 265 126 201 64 83 360 241 182 158 141595 129684 4175 401 3774 11911 11828 5316 6512 1327 2692 2624 349 2275 220 643 83 5185 4756 2429 455 238
is_linear=0
shrinkage=0.05


Tree=3
num_leaves=64
num_cat=6
split_feature=1 5 0 5 0 5 0 0 5 0 3 5 1 5 5 5 5 0 5 1 5 0 5 2 5 5 0 5 0 0 5 5 5 5 5 0 0 5 0 2 5 0 5 1 0 5 5 5 5 3 5 0 1 0 0 1 5 5 0 5 5 0 5
split_gain=213453 163921 139353 124019 145911 93474.5 169258 116679 104948 90477.7 370769 172295 136556 93748.9 226094 88515.1 90608.4 222650 292515 243155 209755 179418 146020 158304 121819 110136 92322.5 294455 87557.2 86387.5 84811.6 81046.3 84407.4 75742.3 89214 75637 155600 74754.3 93678.8 91218 74541.4 74495.9 156464 225851 132750 148846 130585 211128 102862 98150.7 83536.4 74494.4 83928.6 78929.9 116223 132240 241905 259958 205946 136619 122004 100547 151018
threshold=0 0.49409627513330751 59.500000000000007 0.46672523581130193 37.500000000000007 0.1878076664505732 32.500000000000007 22.500000000000004 0.2324583690308735 57.500000000000007 1.0000000180025095e-35 1.4206514687354463 1 0.54377008172136465 0.46672523581130193 0.2324583690308735 0.86077754092170322 68.500000000000014 1.4491623668005758 2 0.90609699904462515 66.500000000000014 0.91850797763463166 1.0000000180025095e-35 0.90024604771776928 0.97477630005107241 60.500000000000007 0.89447855660783449 65.500000000000014 67.500000000000014 0.97159506323605704 1.3085907580189129 1.2812873075484761 1.0021083344914732 1.02134629764561 32.500000000000007 48.500000000000007 0.48799042176681595 27.500000000000004 1.0000000180025095e-35 0.44264095713014556 64.500000000000014 0.84572778991162656 3 68.500000000000014 0.82455774662902803 1.1295892882464786 1.0986591117392732 0.5197689041332697 1.0000000180025095e-35 0.5650083830983198 18.500000000000004 4 31.500000000000004 24.500000000000004 5 1.1542317757884373 1.1216485329147377 27.500000000000004 1.6708109397336663 0.5197689041332697 26.500000000000004 1.0660144698165326
decision_type=1 2 2 2 2 2 2 2 2 2 2 2 1 2 2 2 2 2 2 1 2 2 2 2 2 2 2 2 2 2 2 2 2 2 2 2 2 2 2 2 2 2 2 1 2 2 2 2 2 2 2 2 1 2 2 1 2 2 2 2 2 2 2
left_child=1 3 9 5 37 6 7 -1 35 51 11 12 40 14 -14 28 -17 19 31 21 24 26 23 -22 29 30 27 -18 -4 -21 -24 32 -19 -27 -35 -7 -37 -5 -39 -40 -11 -3 43 48 45 -45 47 -44 -43 -47 -50 52 -2 54 60 56 57 58 -56 61 -53 62 -57
right_child=2 41 15 4 -6 8 -8 -9 -10 10 -12 -13 13 -15 -16 16 17 18 -20 20 22 -23 25 -25 -26 33 -28 -29 -30 -31 -32 -33 -34 34 -36 36 -38 38 39 -41 -42 42 46 44 -46 49 -48 -49 50 -51 -52 53 -54 -55 55 59 -58 -59 -60 -61 -62 -63 -64
leaf_value=1.1269083865262843 0.48430148292654435 0.11345187277016276 2.3033516733572488 -0.35745658243708489 -1.1529877101848243 -2.3584326155147948 1.670989692161239 -2.6821092162415736 -0.070799915925219892 2.8615474151401989 -0.80201702937952823 -2.265814261024147 -0.69952229586514569 -0.19019731597150388 3.2124895322679965 -0.055086569376455799 4.7641033201838816 -0.68884025441677288 2.7602415008042396 0.82048251315039755 0.29421892656086152 1.3153223593982379 0.42418433384639265 -2.8654768888983639 2.5400504004237092 -0.72915971293513637 0.52988700598437555 -0.75515961229746331 -0.27353537051242172 -1.3180991945706038 2.7058631022955595 -2.1011843348895161 2.09815205950754 0.9300657486686339 -0.083732381033105194 1.0797278314211773 -1.8705215891080773 -0.44427724212347369 0.45516541348290196 4.3259504701489595 0.74646444241301735 2.4561103729510521 0.21551367880993044 -0.9843227426245269 0.16890379601797298 -5.0002383405728237 -0.2517754674336603 1.9289517934968652 -1.4116708195939358 -1.3428363017322731 0.15969257369506878 0.44966112543918585 -0.22434789976262498 -0.034757927191675003 -0.56525934225849805 0.16146845611153826 0.70676612283838169 -2.3108869490768789 0.21075825465147635 3.2546796091214909 -0.083113744047495761 -0.47352350148445477 -0.69283110911074097
leaf_weight=35 1240 53612 87 276 629 82 185 47 4406 45 1922 69 78 1075 70 8373 26 822 63 505 69 692 742 93 97 423 2060 326 53 52 43 100 28 230 3813 82 98 49 29 32 549 45 1945 827 230 40 1365 198 93 34 924 1202 623 49113 1496 1713 905 141 1995 26 10127 6331 741
leaf_count=35 1240 53612 87 276 629 82 185 47 4406 45 1922 69 78 1075 70 8373 26 822 63 505 69 692 742 93 97 423 2060 326 53 52 43 100 28 230 3813 82 98 49 29 32 549 45 1945 827 230 40 1365 198 93 34 924 1202 623 49113 1496 1713 905 141 1995 26 10127 6331 741
internal_value=-3.96606e-06 0.0700703 -0.0465972 -0.180107 -0.683424 -0.0765747 0.833124 -1.05686 -0.128625 -0.0755004 -0.313307 0.184745 0.277927 -0.0275065 1.15164 0.0762142 0.0667608 0.16694 -0.536462 0.244642 0.0598282 0.60372 -0.0422687 -1.5203 0.905659 0.00335751 0.402017 -0.346235 1.32828 0.620621 0.549503 -0.755358 -0.596792 -0.0926489 -0.0260362 -1.10065 -0.526638 0.0818326 1.18342 2.48958 0.892144 0.095179 -0.0766564 -0.40794 -0.895254 -1.17683 0.130447 0.37391 0.118381 -3.32396 0.015869 -0.06353 0.248718 -0.0714138 -0.144367 -0.244334 -0.024536 -0.206841 -0.121794 -0.357078 -0.0265827 -0.368211 -0.0965081
internal_weight=163421 65263 98158 5950 1015 4935 267 82 4668 79461 3808 1886 1817 1223 148 18697 18557 10184 1013 9171 6067 3104 5413 162 654 5251 2412 352 140 557 785 950 850 4466 4043 262 180 386 110 61 594 59313 5701 2193 1131 901 3508 2143 1062 74 1017 75653 1863 73790 24677 13348 4537 3632 3491 8811 11329 8785 2454
internal_count=163421 65263 98158 5950 1015 4935 267 82 4668 79461 3808 1886 1817 1223 148 18697 18557 10184 1013 9171 6067 3104 5413 162 654 5251 2412 352 140 557 785 950 850 4466 4043 262 180 386 110 61 594 59313 5701 2193 1131 901 3508 2143 1062 74 1017 75653 1863 73790 24677 13348 4537 3632 3491 8811 11329 8785 2454
cat_boundaries=0 1 2 3 4 5 6
cat_threshold=18 1 1 2 12 1
is_linear=0
shrinkage=0.05


Tree=4
num_leaves=64
num_cat=5
split_feature=1 5 0 4 4 4 0 5 5 5 5 0 4 1 0 4 3 5 0 4 5 5 4 0 1 5 4 5 5 0 5 5 4 0 5 0 5 5 5 1 0 5 4 4 4 0 4 5 4 4 5 5 0 5 0 0 1 5 5 5 5 0 5
split_gain=192632 147938 125769 146381 117830 136667 170281 130421 111945 126954 111920 131698 103041 100527 96826.2 139132 211240 258218 213920 227982 213302 167707 120363 159640 112274 232371 227572 150424 274993 152312 142792 137811 206712 144805 174429 115563 101419 346463 95856.3 108737 131689 155472 223604 128875 106633 99867.6 95857.4 112166 93873.4 142508 93728.4 153960 110962 93609.3 91674.9 136686 120014 112850 112077 141315 111989 138691 110533
threshold=0 0.49409627513330751 59.500000000000007 0.88895611880048786 -1.4747634983480327 -1.3379835017493131 19.500000000000004 0.5489941887048948 0.71716654621957565 0.76869734274890889 0.46672523581130193 37.500000000000007 -1.375541515736425 1 51.500000000000007 0.10682417872878135 1.0000000180025095e-35 0.38199723535266711 58.500000000000007 -0.032605790121753998 0.60411775227210163 0.91850797763463166 -0.032605790121753998 57.500000000000007 2 0.8486911091466286 0.53688205296313796 0.53170280651435331 0.61815100176059856 58.500000000000007 0.82124746038698826 0.47363714765723591 0.77571024850288861 55.500000000000007 0.35617851724120325 52.500000000000007 0.90024604771776928 0.82124746038698826 1.3227068789529592 3 36.500000000000007 0.89718678057563406 -1.375541515736425 -1.375541515736425 -1.4338210340443769 48.500000000000007 -1.4338210340443769 1.0660144698165326 0.4884802229274865 0.1280897469788437 1.3472403273847375 1.1759112412561403 55.500000000000007 0.38199723535266711 57.500000000000007 55.500000000000007 4 1.6708109397336663 1.4206514687354463 1.0986591117392732 0.70635884225674062 58.500000000000007 0.92458752245060738
decision_type=1 2 2 2 2 2 2 2 2 2 2 2 2 1 2 2 2 2 2 2 2 2 2 2 1 2 2 2 2 2 2 2 2 2 2 2 2 2 2 1 2 2 2 2 2 2 2 2 2 2 2 2 2 2 2 2 1 2 2 2 2 2 2
left_child=1 10 4 -4 54 6 -6 12 -9 -10 -1 48 53 -5 -7 16 17 -16 -19 20 -20 -22 -18 36 31 26 30 -28 -29 -30 -26 32 33 -17 -35 -27 37 -24 39 -11 41 -41 46 44 45 -42 -43 -48 49 -12 51 52 -38 -8 55 57 60 -2 59 62 61 -56 -58
right_child=2 -3 3 13 5 14 7 8 9 38 11 -13 -14 -15 15 24 22 18 19 -21 21 -23 23 -25 25 35 27 28 29 -31 -32 -33 -34 34 -36 -37 50 -39 -40 40 43 42 -44 -45 -46 -47 47 -49 -50 -51 -52 -53 -54 -55 56 -57 58 -59 -60 -61 -62 -63 -64
leaf_value=-0.072749148174292719 0.014794553912940137 0.090419596794263452 0.092150243778581609 0.30935171631329883 1.5094730287583955 -0.061925936119820391 0.72579374194357693 0.44544794764323181 -2.1240181366352466 0.020505976011221071 0.23460611389491912 -1.0953473057898102 -3.1817229563323224 -1.4591104341249945 -2.1419662436125697 -2.2587123531672355 -0.49133218646137983 0.11871667276339617 3.8366873757015094 4.8910041231308545 -0.83946844454209302 1.555334946275299 1.4758725748210388 -1.1786571482799122 -1.2366672307916011 -3.2099176712127946 3.6554214892620238 -3.1645166914361971 0.82761379769243359 5.4534178241169284 2.2668429080570971 -0.1699452149666697 -5.5111537512511122 4.0131610068324886 -0.93485324068290465 -1.2257890063799592 0.36708640303042045 -4.6564467918041137 -1.564250253845791 -4.5616832936153697 0.70163270353861273 -0.13637280383568218 1.8989694459594952 -2.2958314035453049 1.3122340147622455 -3.5178817990521227 -1.2567683188237826 -5.5767361319309812 2.4340515717433822 -2.6474646064811602 -0.32831460614489694 5.6371431050193275 4.2635468128540515 -1.6729530391139329 -0.1562615845158789 0.61191756636093819 -0.61861314001746215 2.2807565706503157 -3.948130199681569 0.65551605559861648 -0.21977082920313765 3.5861583776903245 -2.2274679470682375
leaf_weight=4935 19684 59313 18332 118 101 44939 56 300 127 819 298 629 75 247 115 91 2865 2869 54 41 139 154 98 109 310 83 47 40 114 21 32 2370 28 26 56 632 61 30 176 45 29 28 41 56 118 27 27 34 38 50 35 31 26 148 48 1030 397 55 27 156 244 51 146
leaf_count=4935 19684 59313 18332 118 101 44939 56 300 127 819 298 629 75 247 115 91 2865 2869 54 41 139 154 98 109 310 83 47 40 114 21 32 2370 28 26 56 632 61 30 176 45 29 28 41 56 118 27 27 34 38 50 35 31 26 148 48 1030 397 55 27 156 244 51 146
internal_value=-2.65002e-06 0.0665663 -0.0442652 0.0724069 -0.0717235 -0.109206 -0.495049 -0.591252 -0.437435 -0.61091 -0.171102 -0.649239 -1.59797 -0.918938 -0.0938385 -0.230719 -0.0918362 0.185513 0.267757 1.36948 0.952094 0.419318 -0.379153 0.444838 -0.469767 -0.85138 -0.0991646 1.14712 0.471735 1.55072 -0.908272 -0.275515 -1.53326 -0.8866 0.636946 -1.45654 1.07481 0.0360582 -0.473504 -0.316546 -0.97444 -2.0317 -1.15307 -0.211792 0.459838 -1.33533 -2.55968 -3.66989 0.0777919 -0.180112 1.9432 2.6167 1.53516 -1.01442 0.0271799 0.0504227 -0.42435 0.0211201 -0.782173 -0.670517 0.345739 1.77327 -1.05154
internal_weight=163421 65263 98158 18697 79461 57623 2207 2106 1827 1527 5950 1015 279 365 55416 10477 6627 3372 3257 388 347 293 3255 390 3850 1279 564 222 175 135 342 2571 201 173 82 715 281 128 1400 1224 405 175 130 230 174 56 89 61 386 348 153 118 87 204 21838 20769 1069 19739 726 699 343 99 543
internal_count=163421 65263 98158 18697 79461 57623 2207 2106 1827 1527 5950 1015 279 365 55416 10477 6627 3372 3257 388 347 293 3255 390 3850 1279 564 222 175 135 342 2571 201 173 82 715 281 128 1400 1224 405 175 130 230 174 56 89 61 386 348 153 118 87 204 21838 20769 1069 19739 726 699 343 99 543
cat_boundaries=0 1 2 3 4 5
cat_threshold=18 4 9 9 1
is_linear=0
shrinkage=0.05


end of trees

feature_importances:
LoanAmount/Income=112
Age=85
DTIRatio*InterestRate=83
LoanPurpose=16
HasDependents=11
HasMortgage=8

parameters:
[boosting: gbdt]
[objective: regression]
[metric: rmse]
[tree_learner: serial]
[device_type: cpu]
[data_sample_strategy: goss]
[data: ]
[valid: ]
[num_iterations: 1000]
[learning_rate: 0.05]
[num_leaves: 64]
[num_threads: 0]
[seed: 0]
[deterministic: 0]
[force_col_wise: 0]
[force_row_wise: 0]
[histogram_pool_size: -1]
[max_depth: -1]
[min_data_in_leaf: 20]
[min_sum_hessian_in_leaf: 0.001]
[bagging_fraction: 0.8]
[pos_bagging_fraction: 1]
[neg_bagging_fraction: 1]
[bagging_freq: 0]
[bagging_seed: 3]
[bagging_by_query: 0]
[feature_fraction: 0.8]
[feature_fraction_bynode: 1]
[feature_fraction_seed: 2]
[extra_trees: 0]
[extra_seed: 6]
[early_stopping_round: 0]
[early_stopping_min_delta: 0]
[first_metric_only: 0]
[max_delta_step: 0]
[lambda_l1: 0.1]
[lambda_l2: 0.1]
[linear_lambda: 0]
[min_gain_to_split: 0]
[drop_rate: 0.1]
[max_drop: 50]
[skip_drop: 0.5]
[xgboost_dart_mode: 0]
[uniform_drop: 0]
[drop_seed: 4]
[top_rate: 0.2]
[other_rate: 0.1]
[min_data_per_group: 100]
[max_cat_threshold: 32]
[cat_l2: 10]
[cat_smooth: 10]
[max_cat_to_onehot: 4]
[top_k: 20]
[monotone_constraints: ]
[monotone_constraints_method: basic]
[monotone_penalty: 0]
[feature_contri: ]
[forcedsplits_filename: ]
[refit_decay_rate: 0.9]
[cegb_tradeoff: 1]
[cegb_penalty_split: 0]
[cegb_penalty_feature_lazy: ]
[cegb_penalty_feature_coupled: ]
[path_smooth: 0]
[interaction_constraints: ]
[verbosity: -1]
[saved_feature_importance_type: 0]
[use_quantized_grad: 0]
[num_grad_quant_bins: 4]
[quant_train_renew_leaf: 0]
[stochastic_rounding: 1]
[linear_tree: 0]
[max_bin: 255]
[max_bin_by_feature: ]
[min_data_in_bin: 3]
[bin_construct_sample_cnt: 200000]
[data_random_seed: 1]
[is_enable_sparse: 1]
[enable_bundle: 1]
[use_missing: 1]
[zero_as_missing: 0]
[feature_pre_filter: 1]
[pre_partition: 0]
[two_round: 0]
[header: 0]
[label_column: ]
[weight_column: ]
[group_column: ]
[ignore_column: ]
[categorical_feature: 1]
[forcedbins_filename: ]
[precise_float_parser: 0]
[parser_config_file: ]
[objective_seed: 5]
[num_class: 1]
[is_unbalance: 0]
[scale_pos_weight: 1]
[sigmoid: 1]
[boost_from_average: 1]
[reg_sqrt: 0]
[alpha: 0.9]
[fair_c: 1]
[poisson_max_delta_step: 0.7]
[tweedie_variance_power: 1.5]
[lambdarank_truncation_level: 30]
[lambdarank_norm: 1]
[label_gain: ]
[lambdarank_position_bias_regularization: 0]
[eval_at: ]
[multi_error_top_k: 1]
[auc_mu_weights: ]
[num_machines: 1]
[local_listen_port: 12400]
[time_out: 120]
[machine_list_filename: ]
[machines: ]
[gpu_platform_id: -1]
[gpu_device_id: -1]
[gpu_device_id_list: ]
[gpu_use_dp: 0]
[num_gpu: 1]

end of parameters

pandas_categorical:[[0, 1, 2, 3, 4]]
